0.0010879196
0.0049987211
0.0019161475
0.0047395879
0.0023264445
0.0045493956
0.0026791173
0.0043496747
0.0032931232
0.0038930355
0.0033160983
0.0038737364
0.0036520376
0.0035534859
0.0038241003
0.0033617541
0.0039702619
0.0031849995
0.0042342879
0.0028240338
0.0043410260
0.0026516176
0.0044801181
0.0024040252
0.0046639421
0.0020133791
0.0047038549
0.0019246881
0.0047974422
0.0016656664
0.0048796415
0.0014057453
0.0049223739
0.0012473049
0.0049443706
0.0011608928
0.0049665589
0.0010526022
0.0049890215
0.0009383382
0.0049980211
0.0008997676
0.0049998590
0.0008751821
0.0049760307
0.0010116167
0.0049765036
0.0010061406
0.0048826933
0.0013922319
0.0048181320
0.0016109339
0.0047780512
0.0017265416
0.0047046194
0.0019181910
0.0046755088
0.0020015373
0.0044887330
0.0023843637
0.0045300280
0.0023040766
0.0043775432
0.0025908174
0.0040349678
0.0031053036
0.0039412741
0.0032254355
0.0035700860
0.0036388676
0.0034897034
0.0037131206
0.0031489381
0.0040120084
0.0028809197
0.0042143869
0.0023012129
0.0045625434
0.0018978092
0.0047473019
0.0010860863
0.0049996811
0.0010869021
0.0049998878
0.0019176480
0.0047392038
0.0024325740
0.0044903794
0.0028234253
0.0042512970
0.0031644031
0.0040022270
0.0033626084
0.0038279388
0.0035551875
0.0036519773
0.0037799297
0.0034128276
0.0039808502
0.0031748595
0.0042241229
0.0028381223
0.0043754249
0.0025955639
0.0044646516
0.0024284869
0.0045909030
0.0021785500
0.0047044005
0.0019190387
0.0047638885
0.0017658750
0.0048459817
0.0015279947
0.0049097171
0.0012969900
0.0049181838
0.0012721494
0.0049713315
0.0010354284
0.0049704552
0.0010443289
0.0049981132
0.0008941018
0.0049974724
0.0008909202
0.0049894998
0.0009303096
0.0049496648
0.0011361730
0.0049315473
0.0012195095
0.0048501331
0.0015090455
0.0048037790
0.0016531399
0.0046112613
0.0021364151
0.0045680850
0.0022275082
0.0046079695
0.0021497035
0.0043404233
0.0026537630
0.0042856425
0.0027460168
0.0040528939
0.0030829588
0.0038095293
0.0033844201
0.0035788378
0.0036298916
0.0032758494
0.0039138484
0.0029879359
0.0041369163
0.0026377707
0.0043766978
0.0024176849
0.0045005430
0.0017941377
0.0047885329
0.0010901991
0.0049999925
