0.0048802081
0.0001130820
0.0046182658
0.0015925784
0.0044257944
0.0020743673
0.0042216502
0.0024658325
0.0037623582
0.0031375587
0.0037421240
0.0031613551
0.0034150580
0.0035174903
0.0032212197
0.0037011633
0.0030392467
0.0038543194
0.0026590987
0.0041261160
0.0024810267
0.0042389767
0.0022200319
0.0043841376
0.0018021221
0.0045767133
0.0016952136
0.0046147130
0.0014087399
0.0047143987
0.0010904581
0.0047983206
0.0008776307
0.0048419243
0.0007437734
0.0048633659
0.0005773151
0.0048879473
0.0003311569
0.0049111629
0.0001406605
0.0049183756
0.0000375488
0.0049228098
0.0004889974
0.0048965939
0.0004841607
0.0048977220
0.0010767109
0.0048022589
0.0013362649
0.0047333806
0.0014731688
0.0046924465
0.0016930907
0.0046174174
0.0017718965
0.0045819045
0.0022025612
0.0043948617
0.0021163286
0.0044374802
0.0024160124
0.0042764080
0.0029528011
0.0039188122
0.0030767448
0.0038205452
0.0035006408
0.0034290878
0.0035807779
0.0033485423
0.0038838369
0.0029839217
0.0040866003
0.0026905284
0.0044389660
0.0020452868
0.0046258318
0.0015694344
0.0048806164
0.0000564699
0.0048804348
0.0000334896
0.0046176429
0.0015937211
0.0043683617
0.0021992028
0.0041265324
0.0026318194
0.0038712469
0.0029970283
0.0037003871
0.0032166574
0.0035157704
0.0034151225
0.0032729393
0.0036541220
0.0030253647
0.0038626761
0.0026752169
0.0041164380
0.0024198465
0.0042735287
0.0022509745
0.0043706351
0.0019808103
0.0045004355
0.0016936990
0.0046170651
0.0015183433
0.0046777864
0.0012314470
0.0047608016
0.0009458740
0.0048288526
0.0009008154
0.0048354561
0.0005346621
0.0048916141
0.0005427476
0.0048897216
0.0001373494
0.0049194087
0.0001589638
0.0049199859
0.0003238696
0.0049126901
0.0007076850
0.0048692002
0.0008245251
0.0048489995
0.0012149935
0.0047668419
0.0013869777
0.0047188058
0.0019329431
0.0045205896
0.0020328796
0.0044764056
0.0019407775
0.0045142856
0.0024820809
0.0042376340
0.0025755133
0.0041784437
0.0029281481
0.0039364153
0.0032384389
0.0036804484
0.0034916930
0.0034385879
0.0037774080
0.0031115576
0.0040090197
0.0028081886
0.0042476071
0.0024175434
0.0043766197
0.0021783279
0.0046670194
0.0014387331
0.0048796994
0.0000086812
