1.5493225610 1.7540156973
1.5644632871 1.8134953951
1.5745030658 1.8318268145
1.5922481733 1.8417663994
1.5930244406 1.8806474862
1.5961946777 1.8796803382
1.6107413094 1.8932664499
1.6107993768 1.9098264923
1.6193290972 1.9156553748
1.6478282808 1.9086113646
1.6504828315 1.9201750547
1.6598166016 1.9283621768
1.6727875886 1.9466186941
1.6844612907 1.9290220723
1.6907661516 1.9491291179
1.7058238180 1.9457752501
1.7151795322 1.9440095134
1.7217581559 1.9370425900
1.7269778686 1.9481873798
1.7369824270 1.9492606139
1.7558224946 1.9367932961
1.7520137729 1.9528056803
1.7696775267 1.9417709013
1.7698787617 1.9457735650
1.7958106542 1.9516156144
1.8032394483 1.9363059377
1.8096799237 1.9379804693
1.8207379328 1.9410124993
1.8133071674 1.9118649174
1.8459527542 1.9398917531
1.8414782955 1.9401964461
1.8472373944 1.9206501673
1.8692770988 1.9070406011
1.8741944620 1.9029997239
1.8907752578 1.8868002915
1.9094362143 1.8980187860
1.9189920022 1.8788353165
1.9166274583 1.8587547267
1.9320402812 1.8330185599
1.9422917187 1.8144382493
1.9576805434 1.7469574152
1.5553845612 1.7480163629
1.5664564701 1.6858478196
1.5660557720 1.6565177614
1.5760504696 1.6381188488
1.5975761991 1.6309944327
1.5787084728 1.6000538232
1.6068810717 1.6098844763
1.6109026008 1.5935418623
1.6287622262 1.5939731828
1.6444430559 1.5862204742
1.6560249617 1.5825761491
1.6511188504 1.5564641134
1.6660644525 1.5576024023
1.6803635677 1.5582650698
1.6892341217 1.5607212935
1.7036074233 1.5682143345
1.7119520698 1.5527553081
1.7161549889 1.5651998252
1.7292527425 1.5553123366
1.7295920421 1.5613338255
1.7559606572 1.5524091300
1.7570841746 1.5443947674
1.7643866258 1.5381353783
1.7787951793 1.5544092613
1.7820243596 1.5637377023
1.8001804404 1.5542920698
1.8071843740 1.5563727188
1.8329471972 1.5564460743
1.8388578439 1.5547070212
1.8265969623 1.5722634925
1.8525372313 1.5750827900
1.8506548630 1.5868046875
1.8682644334 1.5909888487
1.8795200367 1.6026819611
1.8951487136 1.6068687572
1.8931832476 1.6317914231
1.9218166855 1.6293265352
1.9117485828 1.6575580204
1.9346163699 1.6576977823
1.9445630483 1.6895181487
1.9497011544 1.7490005317
