-0.0006774390
0.0000156973
0.0014632871
-0.0005046049
0.0025030658
-0.0011731855
0.0072481733
-0.0042336006
-0.0019755594
0.0016474862
-0.0008053223
0.0006803382
-0.0002586906
0.0002664499
-0.0042006232
0.0048264923
-0.0036709028
0.0046553748
0.0028282808
-0.0043886354
0.0004828315
-0.0008249453
-0.0001833984
0.0003621768
-0.0022124114
0.0056186941
0.0014612907
-0.0039779277
-0.0012338484
0.0041291179
-0.0001761820
0.0007752501
0.0001795322
-0.0009904866
0.0007581559
-0.0049574100
-0.0000221314
0.0001873798
-0.0000175730
0.0002606139
-0.0001775054
-0.0062067039
0.0000137729
0.0018056803
-0.0003224733
-0.0032290987
-0.0001212383
-0.0012264350
0.0008106542
0.0036156144
-0.0007605517
-0.0026940623
-0.0003200763
-0.0010195307
0.0007379328
0.0020124993
-0.0046928326
-0.0121350826
0.0029527542
0.0058917531
0.0024782955
0.0051964461
-0.0007626056
-0.0013498327
-0.0007229012
-0.0009593989
-0.0008055380
-0.0010002761
-0.0012247422
-0.0011997085
0.0064362143
0.0060187860
0.0049920022
0.0038353165
-0.0003725417
-0.0002452733
0.0000402812
0.0000185599
0.0012917187
0.0004382493
0.0036805434
-0.0000425848
0.0023845612
0.0000163629
0.0024564701
0.0008478196
-0.0029442280
-0.0014822386
-0.0029495304
-0.0018811512
0.0025761991
0.0019944327
-0.0102915272
-0.0089461768
-0.0001189283
-0.0001155237
-0.0030973992
-0.0034581377
0.0007622262
0.0009731828
0.0014430559
0.0022204742
0.0020249617
0.0035761491
-0.0038811496
-0.0075358866
-0.0019355475
-0.0043975977
-0.0006364323
-0.0017349302
0.0002341217
0.0007212935
0.0016074233
0.0062143345
-0.0000479302
-0.0002446919
0.0011549889
0.0061998252
0.0002527425
0.0023123366
0.0005920421
0.0053338255
-0.0000393428
0.0014091300
0.0000841746
-0.0026052326
0.0003866258
-0.0058646217
-0.0002048207
0.0014092613
-0.0009756404
0.0057377023
0.0001804404
-0.0007079302
0.0001843740
-0.0006272812
0.0019471972
-0.0045539257
0.0028578439
-0.0062929788
-0.0014030377
0.0032634925
0.0005372313
-0.0009172100
-0.0023451370
0.0038046875
-0.0007355666
0.0009888487
-0.0014799633
0.0016819611
0.0011487136
-0.0011312428
-0.0058167524
0.0047914231
0.0038166855
-0.0026734648
-0.0062514172
0.0035580204
0.0026163699
-0.0013022177
0.0015630483
-0.0004818513
-0.0002988456
0.0000005317
